48834;Fenwick;MI;-5;1;43.141649,-85.04948;43.141649;-85.04948
55304;Andover;MN;-6;1;45.254715,-93.28652;45.254715;-93.28652
55422;Minneapolis;MN;-6;1;45.014764,-93.33965;45.014764;-93.33965
29079;Lydia;SC;-5;1;34.296064,-80.11319;34.296064;-80.11319
29390;Duncan;SC;-5;1;34.888237,-81.96902;34.888237;-81.96902
29446;Green Pond;SC;-5;1;32.683083,-80.56074;32.683083;-80.56074
30018;Jersey;GA;-5;1;33.717989,-83.801451;33.717989;-83.801451
30093;Norcross;GA;-5;1;33.909952,-84.1794;33.909952;-84.1794
30417;Claxton;GA;-5;1;32.162077,-81.90984;32.162077;-81.90984
30627;Carlton;GA;-5;1;33.994139,-82.97819;33.994139;-82.97819
