00210;Portsmouth;NH;-5;1;43.005895,-71.013202;43.005895;-71.013202
00211;Portsmouth;NH;-5;1;43.005895,-71.013202;43.005895;-71.013202
00212;Portsmouth;NH;-5;1;43.005895,-71.013202;43.005895;-71.013202
00213;Portsmouth;NH;-5;1;43.005895,-71.013202;43.005895;-71.013202
00214;Portsmouth;NH;-5;1;43.005895,-71.013202;43.005895;-71.013202
00215;Portsmouth;NH;-5;1;43.005895,-71.013202;43.005895;-71.013202
00501;Holtsville;NY;-5;1;40.922326,-72.637078;40.922326;-72.637078
00544;Holtsville;NY;-5;1;40.922326,-72.637078;40.922326;-72.637078
00601;Adjuntas;PR;-4;0;18.180103,-66.74947;18.180103;-66.74947
00602;Aguada;PR;-4;0;18.363285,-67.18024;18.363285;-67.18024
